age_group,1,2,3,4,5,6,7,8,9,10,11,12,13,14,15,16,17,18,19,20,21,22,23,24,25,26,27,28,29,30,31,32,33,34,35,36,37,38,39,40,41,42,43,44,45,46,47,48,49,50,51,52,53,54,55,56,57,58,59,60,61,62,63,64,65,66,67
0-9,0,13,12,10,10,2,11,6,8,7,9,0,1,4,5,7,12,15,19,20,36,34,7,31,31,35,27,35,51,149,224,253,246,9,218,177,230,214,212,254,293,191,166,185,11,232,177,182,341,520,709,844,732,672,523,19,490,444,354,363,313,281,245,102,14,15,11
10-19,0,45,23,12,11,8,11,7,7,15,7,1,3,3,6,23,25,54,47,46,112,110,18,109,79,47,75,77,189,432,718,739,661,34,484,342,415,379,473,499,704,436,289,252,63,299,267,367,530,780,1168,1327,1077,928,961,66,683,574,505,723,504,887,564,396,67,33,36
20-29,1,59,32,17,30,19,26,23,34,25,10,4,18,10,28,47,136,109,108,181,253,245,22,217,221,220,366,306,486,699,813,787,686,146,556,457,540,519,641,828,1144,612,436,410,198,305,330,405,562,737,1022,1140,1147,929,944,231,664,605,505,686,463,929,513,180,195,169,122
30-39,0,60,57,32,14,20,28,16,20,16,10,3,12,9,19,53,60,62,71,50,119,129,22,138,168,176,186,181,306,662,683,676,606,228,489,398,460,545,537,641,802,492,437,371,245,330,311,356,564,709,923,1042,1040,824,761,249,603,502,525,445,437,405,338,153,186,125,103
40-49,0,48,34,21,12,11,14,15,15,21,9,8,11,12,15,32,59,60,49,29,94,92,54,93,116,125,171,141,288,523,634,653,583,316,423,432,428,477,476,561,722,518,364,294,260,323,312,335,500,649,852,1044,878,792,747,264,587,516,430,414,389,334,289,114,204,111,91
50-59,0,46,43,18,7,13,14,8,9,14,12,8,10,7,12,23,53,48,43,26,80,81,59,70,66,110,122,116,233,369,509,485,447,307,383,358,318,389,477,522,564,420,277,267,261,202,211,225,359,464,612,685,624,564,545,343,436,365,307,306,306,274,243,67,197,115,101
60-69,0,19,10,2,14,6,8,5,7,9,6,6,6,5,8,7,11,9,18,8,24,41,25,37,52,65,61,52,92,190,278,277,217,101,180,204,183,205,212,253,233,170,139,98,188,94,85,104,169,221,221,321,278,251,202,251,174,142,117,122,102,77,64,22,129,69,46
70-79,0,8,6,8,6,6,1,2,4,1,2,0,4,2,0,4,10,10,3,11,16,16,9,15,35,23,30,24,42,82,124,113,116,49,110,96,87,126,124,184,111,87,50,32,121,34,27,39,53,86,117,135,108,101,101,182,72,46,34,40,27,26,21,7,103,62,27
80-89,0,9,4,1,3,0,1,0,3,2,1,0,0,1,1,2,3,1,1,2,6,10,1,8,17,11,12,6,12,28,47,79,64,21,58,46,44,68,61,80,62,52,41,19,77,15,10,10,17,18,21,28,23,28,21,92,21,17,10,11,13,7,5,8,72,45,26
90+,0,2,0,2,1,1,0,0,3,1,0,0,0,0,0,0,1,0,0,3,1,6,1,0,2,4,5,2,5,7,12,25,26,4,20,11,13,22,26,33,31,26,18,10,14,5,4,5,6,1,11,7,4,10,7,35,0,7,9,0,3,0,1,0,25,17,12
