[[2.33333340e+01 3.00000000e+00 1.23922226e+02 3.33638878e+01
  3.52186525e+06 6.44002808e+02 4.81392625e+05 3.90694458e+02
  8.94344625e+05 3.56913879e+02 3.06592375e+05 1.93891663e+02
  1.43937925e+06 5.04994446e+02 6.27986062e+05 1.31963882e+02
  7.06762812e+05 1.86388886e+00 4.28548812e+05 7.05555558e-01
  6.10166750e+05 1.69458328e+02 2.86200562e+05 7.34166670e+00
  1.28879053e+04]][[9.3879555e+01 3.2771683e+01 4.5542774e+01 3.4303955e+01 6.5831500e+04
  3.1802896e+02 4.7870961e+04 2.1212740e+02 3.7304785e+04 1.8296674e+02
  2.4947305e+04 1.0753514e+02 5.9959578e+04 5.4626593e+02 2.0800414e+04
  1.1555952e+02 1.0143454e+04 1.7962593e+00 3.8078584e+03 1.2542839e+00
  2.2001561e+04 1.0847468e+02 1.1010098e+04 4.2704449e+00 2.4170417e+03]]