[[2.3333334e+01 3.0000000e+00 1.3268333e+02 3.6533333e+01 3.5054352e+06
  5.9169165e+02 5.0402703e+05 2.8885834e+02 9.0684812e+05 2.5925833e+02
  3.1855212e+05 9.1133331e+01 1.3924614e+06 6.5234167e+02 6.1587519e+05
  1.5647501e+02 7.1334512e+05 0.0000000e+00 4.3107038e+05 0.0000000e+00
  6.0451681e+05 1.8172501e+02 3.1469153e+05 2.9666667e+00 1.4384509e+04]][[9.41421509e+01 3.28633537e+01 3.99709930e+01 3.41194000e+01
  6.88808984e+04 3.45561798e+02 3.31503672e+04 1.24904419e+02
  3.03825137e+04 1.07732666e+02 1.75108730e+04 3.07573681e+01
  6.35852812e+04 6.10815491e+02 2.36523359e+04 1.36910507e+02
  2.95460033e+01 0.00000000e+00 1.02487135e+01 0.00000000e+00
  2.53693125e+04 1.00286057e+02 3.57319397e+02 1.77722919e+00
  2.55943042e+03]]