[[2.33333340e+01 3.00000000e+00 1.24925003e+02 3.38499985e+01
  3.53429500e+06 6.03833313e+02 4.46429594e+05 4.12658325e+02
  8.81818125e+05 3.89958344e+02 2.97783844e+05 2.17808334e+02
  1.47865250e+06 4.22100006e+02 6.34234938e+05 1.09933334e+02
  7.12333875e+05 2.29999995e+00 4.30886500e+05 0.00000000e+00
  6.03907875e+05 1.80800003e+02 2.85156000e+05 8.40833378e+00
  1.34414346e+04]][[9.4142151e+01 3.2863354e+01 4.5059093e+01 3.4474117e+01 6.1699023e+04
  2.6728784e+02 4.9644352e+04 2.4250304e+02 3.8417496e+04 2.0648415e+02
  2.5179127e+04 1.0191158e+02 3.4537879e+04 3.9052969e+02 1.7554246e+04
  7.0174065e+01 4.1831882e+02 1.3131526e+00 1.2117713e+02 0.0000000e+00
  2.3296266e+04 1.2892194e+02 1.1365849e+04 4.1454558e+00 2.3854497e+03]]