[[2.33333340e+01 3.00000000e+00 1.19308334e+02 2.90861111e+01
  3.44963125e+06 2.41850269e+03 4.07446094e+05 1.32674170e+03
  8.27260875e+05 8.10619446e+02 2.77198438e+05 3.74519440e+02
  1.38451812e+06 1.68855273e+03 6.12573812e+05 5.98638916e+02
  6.93620875e+05 7.11611099e+01 4.29499375e+05 6.24249992e+01
  5.85863875e+05 3.41000000e+02 2.85368531e+05 1.21055555e+01
  4.52266797e+04]][[9.3879555e+01 3.2771683e+01 5.5224503e+01 3.4858501e+01 1.5184706e+05
  2.1517683e+03 9.3191641e+04 1.1623804e+03 8.5887008e+04 6.3546558e+02
  4.4360598e+04 3.2547943e+02 9.0480852e+04 1.3879462e+03 3.3674062e+04
  6.6250378e+02 1.5651825e+04 1.1968183e+02 2.3614006e+03 1.1107126e+02
  3.8912219e+04 2.9834164e+02 1.1449541e+04 9.3466196e+00 2.6138908e+04]]